start=438.500000
volume=200.000000
