start=123.633333
volume=175.000000
