start=156.490000
volume=105.000000
