start=391.563000
volume=110.000000
fullscreen=yes
aid=2
sid=2
