start=1026.750000
volume=105.000000
