start=218.125000
volume=200.000000
aid=1
sid=1
